I(f(x)) = 1.48424024313038*sqrt(2)/sqrt(PI)
I(f(x)) = 1.48424024313038*sqrt(2)/sqrt(PI)
