x0 = 0.300000, y0 = 0.000000
x1 = 0.400000, y1 = 0.223711
x2 = 0.500000, y2 = 0.435650
