x0 = 0.0  ||  y0 = 0.0
x1 = 1.0  ||  y1 = 9.974999999210883
x2 = 2.0  ||  y2 = 19.89999999841768
x3 = 3.0  ||  y3 = 29.774999997620267
x4 = 4.0  ||  y4 = 39.59999999681852
x5 = 5.0  ||  y5 = 49.374999996012306
x6 = 6.0  ||  y6 = 59.09999999520149
x7 = 7.0  ||  y7 = 68.77499999438595
x8 = 8.0  ||  y8 = 78.39999999356553
x9 = 9.0  ||  y9 = 87.97499999274008
x10 = 10.0  ||  y10 = 97.49999999190946
x11 = 11.0  ||  y11 = 106.97499999107353
x12 = 12.0  ||  y12 = 116.39999999023212
x13 = 13.0  ||  y13 = 125.77499998938507
x14 = 14.0  ||  y14 = 135.0999999885322
x15 = 15.0  ||  y15 = 144.3749999876734
x16 = 16.0  ||  y16 = 153.59999998680843
x17 = 17.0  ||  y17 = 162.77499998593714
x18 = 18.0  ||  y18 = 171.89999998505937
x19 = 19.0  ||  y19 = 180.9749999841749
x20 = 20.0  ||  y20 = 189.99999998328354
x21 = 21.0  ||  y21 = 198.9749999823851
x22 = 22.0  ||  y22 = 207.89999998147937
x23 = 23.0  ||  y23 = 216.77499998056612
x24 = 24.0  ||  y24 = 225.59999997964516
x25 = 25.0  ||  y25 = 234.37499997871626
x26 = 26.0  ||  y26 = 243.0999999777792
x27 = 27.0  ||  y27 = 251.77499997683373
x28 = 28.0  ||  y28 = 260.3999999758796
x29 = 29.0  ||  y29 = 268.9749999749166
x30 = 30.0  ||  y30 = 277.49999997394445
x31 = 31.0  ||  y31 = 285.97499997296285
x32 = 32.0  ||  y32 = 294.39999997197157
x33 = 33.0  ||  y33 = 302.7749999709703
x34 = 34.0  ||  y34 = 311.0999999699588
x35 = 35.0  ||  y35 = 319.3749999689367
x36 = 36.0  ||  y36 = 327.5999999679038
x37 = 37.0  ||  y37 = 335.77499996685964
x38 = 38.0  ||  y38 = 343.899999965804
x39 = 39.0  ||  y39 = 351.9749999647365
x40 = 40.0  ||  y40 = 359.9999999636568
x41 = 41.0  ||  y41 = 367.9749999625646
x42 = 42.0  ||  y42 = 375.8999999614594
x43 = 43.0  ||  y43 = 383.7749999603409
x44 = 44.0  ||  y44 = 391.59999995920873
x45 = 45.0  ||  y45 = 399.37499995806246
x46 = 46.0  ||  y46 = 407.0999999569016
x47 = 47.0  ||  y47 = 414.77499995572583
x48 = 48.0  ||  y48 = 422.3999999545346
x49 = 49.0  ||  y49 = 429.97499995332754
x50 = 50.0  ||  y50 = 437.4999999521041
