x0 = 0.0  ||  y0 = 0.0
x1 = 1.0  ||  y1 = 10.0
x2 = 2.0  ||  y2 = 19.949748743718594
x3 = 3.0  ||  y3 = 29.84924623115578
x4 = 4.0  ||  y4 = 39.69849246231156
x5 = 5.0  ||  y5 = 49.49748743718594
x6 = 6.0  ||  y6 = 59.2462311557789
x7 = 7.0  ||  y7 = 68.94472361809046
x8 = 8.0  ||  y8 = 78.59296482412061
x9 = 9.0  ||  y9 = 88.19095477386935
x10 = 10.0  ||  y10 = 97.73869346733669
x11 = 11.0  ||  y11 = 107.23618090452261
x12 = 12.0  ||  y12 = 116.68341708542714
x13 = 13.0  ||  y13 = 126.08040201005025
x14 = 14.0  ||  y14 = 135.42713567839195
x15 = 15.0  ||  y15 = 144.72361809045225
x16 = 16.0  ||  y16 = 153.96984924623115
x17 = 17.0  ||  y17 = 163.16582914572865
x18 = 18.0  ||  y18 = 172.31155778894473
x19 = 19.0  ||  y19 = 181.4070351758794
x20 = 20.0  ||  y20 = 190.45226130653268
x21 = 21.0  ||  y21 = 199.44723618090453
x22 = 22.0  ||  y22 = 208.39195979899498
x23 = 23.0  ||  y23 = 217.28643216080403
x24 = 24.0  ||  y24 = 226.13065326633168
x25 = 25.0  ||  y25 = 234.9246231155779
x26 = 26.0  ||  y26 = 243.66834170854273
x27 = 27.0  ||  y27 = 252.36180904522615
x28 = 28.0  ||  y28 = 261.00502512562815
x29 = 29.0  ||  y29 = 269.59798994974875
x30 = 30.0  ||  y30 = 278.14070351758795
x31 = 31.0  ||  y31 = 286.63316582914575
x32 = 32.0  ||  y32 = 295.07537688442216
x33 = 33.0  ||  y33 = 303.4673366834171
x34 = 34.0  ||  y34 = 311.80904522613065
x35 = 35.0  ||  y35 = 320.1005025125628
x36 = 36.0  ||  y36 = 328.34170854271355
x37 = 37.0  ||  y37 = 336.5326633165829
x38 = 38.0  ||  y38 = 344.67336683417085
x39 = 39.0  ||  y39 = 352.7638190954774
x40 = 40.0  ||  y40 = 360.8040201005025
x41 = 41.0  ||  y41 = 368.7939698492462
x42 = 42.0  ||  y42 = 376.7336683417085
x43 = 43.0  ||  y43 = 384.6231155778894
x44 = 44.0  ||  y44 = 392.4623115577889
x45 = 45.0  ||  y45 = 400.251256281407
x46 = 46.0  ||  y46 = 407.9899497487437
x47 = 47.0  ||  y47 = 415.678391959799
x48 = 48.0  ||  y48 = 423.31658291457285
x49 = 49.0  ||  y49 = 430.9045226130653
x50 = 50.0  ||  y50 = 438.44221105527635
