D2fx(x) = 1.025794854144226e+34
D2fx(x) = 3.0773841096018837e+34
