x0 = 0.0  ||  y0 = 0.0
x1 = 1.0  ||  y1 = 9.974905897114176
x2 = 2.0  ||  y2 = 19.89981226293296
x3 = 3.0  ||  y3 = 29.77471909742582
x4 = 4.0  ||  y4 = 39.59962640056159
x5 = 5.0  ||  y5 = 49.37453417230847
x6 = 6.0  ||  y6 = 59.09944241263399
x7 = 7.0  ||  y7 = 68.77435112150502
x8 = 8.0  ||  y8 = 78.39926029888774
x9 = 9.0  ||  y9 = 87.9741699447476
x10 = 10.0  ||  y10 = 97.49908005904935
x11 = 11.0  ||  y11 = 106.97399064175696
x12 = 12.0  ||  y12 = 116.39890169283365
x13 = 13.0  ||  y13 = 125.77381321224183
x14 = 14.0  ||  y14 = 135.09872519994315
x15 = 15.0  ||  y15 = 144.37363765589836
x16 = 16.0  ||  y16 = 153.5985505800674
x17 = 17.0  ||  y17 = 162.77346397240933
x18 = 18.0  ||  y18 = 171.8983778328823
x19 = 19.0  ||  y19 = 180.9732921614435
x20 = 20.0  ||  y20 = 189.99820695804925
x21 = 21.0  ||  y21 = 198.97312222265478
x22 = 22.0  ||  y22 = 207.8980379552144
x23 = 23.0  ||  y23 = 216.7729541556813
x24 = 24.0  ||  y24 = 225.5978708240077
x25 = 25.0  ||  y25 = 234.3727879601447
x26 = 26.0  ||  y26 = 243.0977055640422
x27 = 27.0  ||  y27 = 251.772623635649
x28 = 28.0  ||  y28 = 260.39754217491276
x29 = 29.0  ||  y29 = 268.97246118177975
x30 = 30.0  ||  y30 = 277.4973806561951
x31 = 31.0  ||  y31 = 285.9723005981026
x32 = 32.0  ||  y32 = 294.3972210074447
x33 = 33.0  ||  y33 = 302.7721418841625
x34 = 34.0  ||  y34 = 311.0970632281957
x35 = 35.0  ||  y35 = 319.3719850394823
x36 = 36.0  ||  y36 = 327.5969073179591
x37 = 37.0  ||  y37 = 335.7718300635612
x38 = 38.0  ||  y38 = 343.89675327622206
x39 = 39.0  ||  y39 = 351.9716769558735
x40 = 40.0  ||  y40 = 359.99660110244565
x41 = 41.0  ||  y41 = 367.9715257158669
x42 = 42.0  ||  y42 = 375.8964507960638
x43 = 43.0  ||  y43 = 383.771376342961
x44 = 44.0  ||  y44 = 391.5963023564812
x45 = 45.0  ||  y45 = 399.3712288365452
x46 = 46.0  ||  y46 = 407.09615578307154
x47 = 47.0  ||  y47 = 414.77108319597687
x48 = 48.0  ||  y48 = 422.3960110751754
x49 = 49.0  ||  y49 = 429.97093942057927
x50 = 50.0  ||  y50 = 437.49586823209813
