y = -0.0274285714285715*x**9 + 0.589714285714285*x**8 - 5.37599999999999*x**7 + 27.0239999999999*x**6 - 81.4439999999998*x**5 + 149.426*x**4 - 160.732571428571*x**3 + 90.5702857142857*x**2 - 19.43*x
y = -0.0274285714285715*x**9 + 0.589714285714285*x**8 - 5.37599999999999*x**7 + 27.0239999999999*x**6 - 81.4439999999998*x**5 + 149.426*x**4 - 160.732571428571*x**3 + 90.5702857142857*x**2 - 19.43*x
