I(f(x)) = 5.97594919736585e+18*PI
I(f(x)) = 1.79278485033017e+19*PI
