x0 = 0.0  ||  y0 = 0.0
x1 = 1.0  ||  y1 = 9.975000235846831
x2 = 2.0  ||  y2 = 19.900000471713078
x3 = 3.0  ||  y3 = 29.77500070761105
x4 = 4.0  ||  y4 = 39.600000943553304
x5 = 5.0  ||  y5 = 49.37500117955266
x6 = 6.0  ||  y6 = 59.1000014156222
x7 = 7.0  ||  y7 = 68.77500165177528
x8 = 8.0  ||  y8 = 78.40000188802554
x9 = 9.0  ||  y9 = 87.97500212438689
x10 = 10.0  ||  y10 = 97.50000236087355
x11 = 11.0  ||  y11 = 106.97500259750004
x12 = 12.0  ||  y12 = 116.40000283428118
x13 = 13.0  ||  y13 = 125.77500307123213
x14 = 14.0  ||  y14 = 135.10000330836837
x15 = 15.0  ||  y15 = 144.3750035457057
x16 = 16.0  ||  y16 = 153.6000037832603
x17 = 17.0  ||  y17 = 162.77500402104866
x18 = 18.0  ||  y18 = 171.90000425908767
x19 = 19.0  ||  y19 = 180.97500449739456
x20 = 20.0  ||  y20 = 190.00000473598698
x21 = 21.0  ||  y21 = 198.97500497488298
x22 = 22.0  ||  y22 = 207.90000521410096
x23 = 23.0  ||  y23 = 216.77500545365982
x24 = 24.0  ||  y24 = 225.60000569357882
x25 = 25.0  ||  y25 = 234.37500593387773
x26 = 26.0  ||  y26 = 243.10000617457672
x27 = 27.0  ||  y27 = 251.77500641569642
x28 = 28.0  ||  y28 = 260.400006657258
x29 = 29.0  ||  y29 = 268.97500689928313
x30 = 30.0  ||  y30 = 277.5000071417939
x31 = 31.0  ||  y31 = 285.975007384813
x32 = 32.0  ||  y32 = 294.4000076283637
x33 = 33.0  ||  y33 = 302.77500787246976
x34 = 34.0  ||  y34 = 311.1000081171555
x35 = 35.0  ||  y35 = 319.3750083624459
x36 = 36.0  ||  y36 = 327.6000086083665
x37 = 37.0  ||  y37 = 335.77500885494356
x38 = 38.0  ||  y38 = 343.90000910220385
x39 = 39.0  ||  y39 = 351.9750093501749
x40 = 40.0  ||  y40 = 360.00000959888496
x41 = 41.0  ||  y41 = 367.9750098483629
x42 = 42.0  ||  y42 = 375.9000100986384
x43 = 43.0  ||  y43 = 383.7750103497419
x44 = 44.0  ||  y44 = 391.60001060170447
x45 = 45.0  ||  y45 = 399.37501085455824
x46 = 46.0  ||  y46 = 407.10001110833605
x47 = 47.0  ||  y47 = 414.7750113630716
x48 = 48.0  ||  y48 = 422.4000116187995
x49 = 49.0  ||  y49 = 429.97501187555525
x50 = 50.0  ||  y50 = 437.5000121333754
