x0 = 0.0  ||  y0 = 0.0
x1 = 1.0  ||  y1 = 9.974874371859297
x2 = 2.0  ||  y2 = 19.899749368639043
x3 = 3.0  ||  y3 = 29.774624990290196
x4 = 4.0  ||  y4 = 39.599501236762706
x5 = 5.0  ||  y5 = 49.37437810800549
x6 = 6.0  ||  y6 = 59.09925560396641
x7 = 7.0  ||  y7 = 68.77413372459226
x8 = 8.0  ||  y8 = 78.39901246982869
x9 = 9.0  ||  y9 = 87.97389183962022
x10 = 10.0  ||  y10 = 97.49877183391021
x11 = 11.0  ||  y11 = 106.9736524526408
x12 = 12.0  ||  y12 = 116.39853369575292
x13 = 13.0  ||  y13 = 125.77341556318619
x14 = 14.0  ||  y14 = 135.09829805487897
x15 = 15.0  ||  y15 = 144.37318117076825
x16 = 16.0  ||  y16 = 153.59806491078965
x17 = 17.0  ||  y17 = 162.77294927487736
x18 = 18.0  ||  y18 = 171.89783426296418
x19 = 19.0  ||  y19 = 180.97271987498135
x20 = 20.0  ||  y20 = 189.99760611085864
x21 = 21.0  ||  y21 = 198.97249297052417
x22 = 22.0  ||  y22 = 207.8973804539045
x23 = 23.0  ||  y23 = 216.7722685609245
x24 = 24.0  ||  y24 = 225.5971572915073
x25 = 25.0  ||  y25 = 234.3720466455743
x26 = 26.0  ||  y26 = 243.0969366230451
x27 = 27.0  ||  y27 = 251.7718272238374
x28 = 28.0  ||  y28 = 260.39671844786693
x29 = 29.0  ||  y29 = 268.9716102950476
x30 = 30.0  ||  y30 = 277.4965027652911
x31 = 31.0  ||  y31 = 285.97139585850715
x32 = 32.0  ||  y32 = 294.39628957460326
x33 = 33.0  ||  y33 = 302.77118391348466
x34 = 34.0  ||  y34 = 311.0960788750544
x35 = 35.0  ||  y35 = 319.3709744592131
x36 = 36.0  ||  y36 = 327.59587066585897
x37 = 37.0  ||  y37 = 335.7707674948877
x38 = 38.0  ||  y38 = 343.89566494619237
x39 = 39.0  ||  y39 = 351.9705630196634
x40 = 40.0  ||  y40 = 359.9954617151885
x41 = 41.0  ||  y41 = 367.9703610326526
x42 = 42.0  ||  y42 = 375.89526097193743
x43 = 43.0  ||  y43 = 383.77016153292203
x44 = 44.0  ||  y44 = 391.59506271548213
x45 = 45.0  ||  y45 = 399.3699645194902
x46 = 46.0  ||  y46 = 407.0948669448156
x47 = 47.0  ||  y47 = 414.769769991324
x48 = 48.0  ||  y48 = 422.3946736588777
x49 = 49.0  ||  y49 = 429.96957794733527
x50 = 50.0  ||  y50 = 437.4944828565515
